epoch,split,label,hypo,hyper,katz,sat
99,train_pos,1,supermarket,commercial building,0.0,0.9681121110916138
99,train_pos,1,hand tool,tool,0.0,0.8662585616111755
99,train_pos,1,peach,fruit,0.0,0.9891820549964905
99,train_pos,1,pike,fish,0.0,0.9802518486976624
99,train_pos,1,nail gun,power tool,0.0,0.9834701418876648
99,train_pos,1,workshop,industrial building,0.0,0.9583021402359009
99,train_pos,1,noodles,grain product,0.0,0.9691473245620728
99,train_pos,1,tortilla,grain product,0.0,0.991705060005188
99,train_pos,1,store,commercial building,0.0,0.9701365828514099
99,train_pos,1,flowering plant,plant,0.0,0.9303557872772217
99,train_pos,1,fish,animal,0.0,0.8908795118331909
99,train_pos,1,glider,aircraft,0.0,0.98008131980896
99,train_pos,1,aircraft,vehicle,0.0,0.9149273037910461
99,train_pos,1,meat,food,0.0,0.9406375885009766
99,train_pos,1,clothing,physical object,0.0,0.9239521026611328
99,train_pos,1,ferry,watercraft,0.0,0.9759798049926758
99,train_pos,1,plant,physical object,0.0,0.9299262166023254
99,train_pos,1,oak,tree,0.0,0.9937397241592407
99,train_pos,1,saw,hand tool,0.0,0.9940484762191772
99,train_pos,1,scarf,accessory,0.0,0.9757881760597229
99,train_pos,1,salmon,fish,0.0,0.9743062257766724
99,train_pos,1,bacon,meat,0.0,0.9946704506874084
99,train_pos,1,viola,string instrument,0.0,0.986990749835968
99,train_pos,1,road vehicle,vehicle,0.0,0.9195746183395386
99,train_pos,1,mosquito,insect,0.0,0.9686237573623657
99,train_pos,1,trousers,lower body clothing,0.0,0.9667083621025085
99,train_pos,1,moth,insect,0.0,0.9859927892684937
99,train_pos,1,airplane,aircraft,0.0,0.9950857758522034
99,train_pos,1,bat,mammal,0.0,0.9936766028404236
99,train_pos,1,synagogue,religious building,0.0,0.9798881411552429
99,train_pos,1,power plant,industrial building,0.0,0.9702135324478149
99,train_pos,1,cereal,grain product,0.0,0.9689624309539795
99,train_pos,1,lecture hall,educational building,0.0,0.9736905694007874
99,train_pos,1,bassoon,woodwind,0.0,0.9853336811065674
99,train_pos,1,sailboat,watercraft,0.0,0.9763285517692566
99,train_pos,1,cap,headwear,0.0,0.9855818152427673
99,train_pos,1,cat,mammal,0.0,0.9707411527633667
99,train_pos,1,bus,road vehicle,0.0,0.9954380393028259
99,train_pos,1,wasp,insect,0.0,0.9961178302764893
99,train_pos,1,tulip,flowering plant,0.0,0.9965803027153015
99,train_pos,1,helmet,headwear,0.0,0.9960846900939941
99,train_pos,1,reptile,animal,0.0,0.9193521738052368
99,train_pos,1,seagull,bird,0.0,0.9718532562255859
99,train_pos,1,rocket,spacecraft,0.0,0.9758898019790649
99,train_pos,1,tram,rail vehicle,0.0,0.9721066951751709
99,train_pos,1,sparrow,bird,0.0,0.9944895505905151
99,train_pos,1,fern,plant,0.0,0.8983719348907471
99,train_pos,1,temple,religious building,0.0,0.9613062143325806
99,train_pos,1,yacht,watercraft,0.0,0.9943506121635437
99,train_pos,1,maple,tree,0.0,0.9937532544136047
99,train_pos,1,kiwi,fruit,0.0,0.9662200212478638
99,train_pos,1,blueberry,fruit,0.0,0.9891355037689209
99,train_pos,1,bugle,brass instrument,0.0,0.9945685863494873
99,train_pos,1,mammal,animal,0.0,0.9302796721458435
99,train_pos,1,instrument,physical object,0.0,0.9478619694709778
99,train_pos,1,lawn mower,gardening tool,0.0,0.975196361541748
99,train_pos,1,alto saxophone,woodwind,0.0,0.995466947555542
99,train_pos,1,boat,watercraft,0.0,0.9723654985427856
99,train_pos,1,building,physical object,0.0,0.9333853125572205
99,train_pos,1,beret,headwear,0.0,0.9862732291221619
99,train_pos,1,dragonfly,insect,0.0,0.9961280226707458
99,train_pos,1,hat,headwear,0.0,0.989188015460968
99,train_pos,1,rice,grain product,0.0,0.9646260142326355
99,train_pos,1,jet,aircraft,0.0,0.9951098561286926
99,train_pos,1,plum,fruit,0.0,0.9699559807777405
99,train_pos,1,hammer,hand tool,0.0,0.994105339050293
99,train_pos,1,lamb,meat,0.0,0.9672708511352539
99,train_pos,1,bee,insect,0.0,0.988910436630249
99,train_pos,1,goldfish,fish,0.0,0.9805001020431519
99,train_pos,1,hotel,commercial building,0.0,0.9690951704978943
99,train_pos,1,drum kit,percussion instrument,0.0,0.9717550277709961
99,train_pos,1,triangle,percussion instrument,0.0,0.9855453372001648
99,train_pos,1,subway train,rail vehicle,0.0,0.9946990013122559
99,train_pos,1,crow,bird,0.0,0.9717307090759277
99,train_pos,1,minibus,road vehicle,0.0,0.9855255484580994
99,train_pos,1,snare drum,percussion instrument,0.0,0.9803422093391418
99,train_pos,1,tiger,mammal,0.0,0.9721376895904541
99,train_pos,1,snake,reptile,0.0,0.9808598756790161
99,train_pos,1,bracelet,accessory,0.0,0.9629338383674622
99,train_pos,1,catfish,fish,0.0,0.973341703414917
99,train_pos,1,pork,meat,0.0,0.9642703533172607
99,train_pos,1,tuba,brass instrument,0.0,0.9611220359802246
99,train_pos,1,accordion,keyboard instrument,0.0,0.9729946255683899
99,train_pos,1,spruce,tree,0.0,0.9713539481163025
99,train_pos,1,hoodie,upper body clothing,0.0,0.996618390083313
99,train_pos,1,office building,commercial building,0.0,0.9927983283996582
99,train_pos,1,necklace,accessory,0.0,0.9628468751907349
99,train_pos,1,pigeon,bird,0.0,0.9944818019866943
99,train_pos,1,whale,mammal,0.0,0.9937014579772949
99,train_pos,1,bracken,fern,0.0,0.962593674659729
99,train_pos,1,elephant,mammal,0.0,0.9938404560089111
99,train_pos,1,apple tree,tree,0.0,0.9937165379524231
99,train_pos,1,alligator,reptile,0.0,0.9952625036239624
99,train_pos,1,carp,fish,0.0,0.9734479784965515
99,train_pos,1,bicycle,road vehicle,0.0,0.9585922360420227
99,train_pos,1,barrel cactus,cactus,0.0,0.9744472503662109
99,train_pos,1,headwear,clothing,0.0,0.9581505656242371
99,train_pos,1,keyboard instrument,instrument,0.0,0.914380669593811
99,train_pos,1,birch,tree,0.0,0.9801058173179626
99,train_pos,1,clavichord,keyboard instrument,0.0,0.9785816073417664
99,train_pos,1,clarinet,woodwind,0.0,0.995403528213501
99,train_pos,1,upper body clothing,clothing,0.0,0.8986203074455261
99,train_pos,1,daisy,flowering plant,0.0,0.9714611768722534
99,train_pos,1,jacket,upper body clothing,0.0,0.9765346050262451
99,train_pos,1,butterfly,insect,0.0,0.9961573481559753
99,train_pos,1,educational building,building,0.0,0.9057769775390625
99,train_pos,1,gecko,reptile,0.0,0.9953321814537048
99,train_pos,1,shovel,gardening tool,0.0,0.9841681122779846
99,train_pos,1,tape measure,measuring tool,0.0,0.9877007007598877
99,train_pos,1,cedar,tree,0.0,0.9936701059341431
99,train_pos,1,tomato,vegetable,0.0,0.9748355150222778
99,train_pos,1,organ,keyboard instrument,0.0,0.9962034821510315
99,train_pos,1,space shuttle,spacecraft,0.0,0.9776456356048584
99,train_pos,1,residential building,building,0.0,0.9217507243156433
99,train_pos,1,cucumber,vegetable,0.0,0.9943835735321045
99,train_pos,1,helicopter,aircraft,0.0,0.9634544253349304
99,train_pos,1,pants,lower body clothing,0.0,0.9922881126403809
99,train_pos,1,pasta,grain product,0.0,0.9916830062866211
99,train_pos,1,sheep,mammal,0.0,0.99367755651474
99,train_pos,1,chisel,hand tool,0.0,0.97981196641922
99,train_pos,1,harpsichord,keyboard instrument,0.0,0.9884938597679138
99,train_pos,1,piccolo,woodwind,0.0,0.9954062700271606
99,train_pos,1,library,educational building,0.0,0.9736359715461731
99,train_pos,1,truck,road vehicle,0.0,0.9849388599395752
99,train_pos,1,animal,physical object,0.0,0.9425807595252991
99,train_pos,1,file,hand tool,0.0,0.9739574790000916
99,train_pos,1,footwear,clothing,0.0,0.9097245335578918
99,train_pos,1,christmas cactus,cactus,0.0,0.985544741153717
99,train_pos,1,grape,fruit,0.0,0.9894819259643555
99,train_pos,1,sausage,meat,0.0,0.9829256534576416
99,train_pos,1,monorail,rail vehicle,0.0,0.9892299771308899
99,train_pos,1,ruler,measuring tool,0.0,0.9844772815704346
99,train_pos,1,industrial building,building,0.0,0.9039722681045532
99,train_pos,1,potato,vegetable,0.0,0.9807636737823486
99,train_pos,1,zebra,mammal,0.0,0.993770182132721
99,train_pos,1,bread,grain product,0.0,0.9917144179344177
99,train_pos,1,spacecraft,vehicle,0.0,0.9278382658958435
99,train_pos,1,probe,spacecraft,0.0,0.9777705073356628
99,train_pos,1,coat,upper body clothing,0.0,0.99429851770401
99,train_pos,1,apple,fruit,0.0,0.9964590668678284
99,train_pos,1,hand drill,hand tool,0.0,0.9940774440765381
99,train_pos,1,piano,keyboard instrument,0.0,0.9866487383842468
99,train_pos,1,beanie,headwear,0.0,0.9785070419311523
99,train_pos,1,cymbals,percussion instrument,0.0,0.9954957962036133
99,train_pos,1,dessert,food,0.0,0.9080020785331726
99,train_pos,1,cello,string instrument,0.0,0.9958051443099976
99,train_pos,1,cream,dairy product,0.0,0.9546290636062622
99,train_pos,1,fly,insect,0.0,0.9493503570556641
99,train_pos,1,lower body clothing,clothing,0.0,0.8667495250701904
99,train_pos,1,screwdriver,hand tool,0.0,0.9719650745391846
99,train_pos,1,shirt,upper body clothing,0.0,0.9812769889831543
99,train_pos,1,pudding,dessert,0.0,0.9767991900444031
99,train_pos,1,pie,dessert,0.0,0.9817116260528564
99,train_pos,1,shorts,lower body clothing,0.0,0.9645649194717407
99,train_pos,1,bird,animal,0.0,0.9071629047393799
99,train_pos,1,taxi,road vehicle,0.0,0.9849222898483276
99,train_pos,1,micrometer,measuring tool,0.0,0.9748186469078064
99,train_pos,1,trumpet,brass instrument,0.0,0.9826284646987915
99,train_pos,1,sneakers,footwear,0.0,0.974513828754425
99,train_pos,1,canoe,watercraft,0.0,0.9762828350067139
99,train_pos,1,willow,tree,0.0,0.9938018918037415
99,train_pos,1,mallet,hand tool,0.0,0.9515743255615234
99,train_pos,1,belt,accessory,0.0,0.9743966460227966
99,train_pos,1,english horn,woodwind,0.0,0.9856081008911133
99,train_pos,1,string instrument,instrument,0.0,0.9315077066421509
99,train_pos,1,saxophone,woodwind,0.0,0.9708230495452881
99,train_pos,1,leggings,lower body clothing,0.0,0.9645473957061768
99,train_pos,1,high heels,footwear,0.0,0.992168128490448
99,train_pos,1,tortoise,reptile,0.0,0.9851908087730408
99,train_pos,1,tree,plant,0.0,0.9075576663017273
99,train_pos,1,airliner,aircraft,0.0,0.9802358150482178
99,train_pos,1,pine,tree,0.0,0.9733104109764099
99,train_pos,1,sweater,upper body clothing,0.0,0.9748054146766663
99,train_pos,1,percussion instrument,instrument,0.0,0.9169502854347229
99,train_pos,1,trout,fish,0.0,0.9801540374755859
99,train_pos,1,ice cream,dessert,0.0,0.9581826329231262
99,train_pos,1,tree fern,fern,0.0,0.9760016202926636
99,train_pos,1,cabbage,vegetable,0.0,0.9944169521331787
99,train_pos,1,pepper,vegetable,0.0,0.9743330478668213
99,train_pos,1,harp,string instrument,0.0,0.9703062176704407
99,train_pos,1,tuna,fish,0.0,0.9739513397216797
99,train_pos,1,bungalow,residential building,0.0,0.9719378352165222
99,train_pos,1,mosque,religious building,0.0,0.9639250636100769
99,train_pos,1,motorcycle,road vehicle,0.0,0.9854059219360352
99,train_pos,1,car,road vehicle,0.0,0.9714170694351196
99,train_pos,1,pear,fruit,0.0,0.9860657453536987
99,train_pos,1,power tool,tool,0.0,0.9137747883796692
99,train_pos,1,gardening tool,tool,0.0,0.9186358451843262
99,train_pos,1,slippers,footwear,0.0,0.9643943905830383
99,train_pos,1,space station,spacecraft,0.0,0.9946762323379517
99,train_pos,1,maidenhair fern,fern,0.0,0.9731876254081726
99,train_pos,1,gloves,accessory,0.0,0.9755590558052063
99,train_pos,1,utility knife,hand tool,0.0,0.9908656477928162
99,train_pos,1,caliper,measuring tool,0.0,0.9603434801101685
99,train_pos,1,marimba,percussion instrument,0.0,0.9591753482818604
99,train_pos,1,bamboo,grass,0.0,0.9730355143547058
99,train_pos,1,commercial building,building,0.0,0.916117250919342
99,train_pos,1,ukulele,string instrument,0.0,0.9867894053459167
99,train_pos,1,villa,residential building,0.0,0.9934982061386108
99,train_pos,1,beef,meat,0.0,0.9818249344825745
99,train_pos,1,milk,dairy product,0.0,0.9954162836074829
99,train_pos,1,ant,insect,0.0,0.9961463212966919
99,train_pos,1,flamingo,bird,0.0,0.981745719909668
99,train_pos,1,saguaro,cactus,0.0,0.9466732740402222
99,train_pos,1,cottage,residential building,0.0,0.977581262588501
99,train_pos,1,insect,animal,0.0,0.9276737570762634
99,train_pos,1,oboe,woodwind,0.0,0.9855474233627319
99,train_pos,1,skirt,lower body clothing,0.0,0.9923253059387207
99,train_pos,1,mango,fruit,0.0,0.9701564311981201
99,train_pos,1,dog,mammal,0.0,0.9936289191246033
99,train_pos,1,cookie,dessert,0.0,0.9944899082183838
99,train_pos,1,hawk,bird,0.0,0.9944812059402466
99,train_pos,1,gong,percussion instrument,0.0,0.9954839944839478
99,train_pos,1,warehouse,industrial building,0.0,0.9636587500572205
99,train_pos,1,t-shirt,upper body clothing,0.0,0.9731719493865967
99,train_pos,1,owl,bird,0.0,0.9812623858451843
99,train_pos,1,church,religious building,0.0,0.9710497260093689
99,train_pos,1,jigsaw,power tool,0.0,0.9619558453559875
99,train_pos,1,bass drum,percussion instrument,0.0,0.9722855091094971
99,train_pos,1,butter,dairy product,0.0,0.9749274253845215
99,train_pos,1,flute,woodwind,0.0,0.9605460166931152
99,train_pos,1,vehicle,physical object,0.0,0.9412585496902466
99,train_pos,1,fruit,food,0.0,0.9413319230079651
99,train_pos,1,spirit level,measuring tool,0.0,0.9846060276031494
99,train_pos,1,jeans,lower body clothing,0.0,0.966077983379364
99,train_pos,1,watercraft,vehicle,0.0,0.9141288995742798
99,train_pos,1,rose,flowering plant,0.0,0.9749388694763184
99,train_pos,1,factory,industrial building,0.0,0.9807890057563782
99,train_pos,1,lander,spacecraft,0.0,0.9719374179840088
99,train_pos,1,eagle,bird,0.0,0.9809237718582153
99,train_pos,1,violin,string instrument,0.0,0.9867059588432312
99,train_pos,1,blouse,upper body clothing,0.0,0.9748827815055847
99,train_pos,1,food,physical object,0.0,0.9435092806816101
99,train_pos,1,grasshopper,insect,0.0,0.9961814880371094
99,train_pos,1,cornet,brass instrument,0.0,0.9664665460586548
99,train_pos,1,violet,flowering plant,0.0,0.9965687990188599
99,train_pos,1,banjo,string instrument,0.0,0.9778991937637329
99,train_pos,1,pliers,hand tool,0.0,0.9799551367759705
99,train_pos,1,xylophone,percussion instrument,0.0,0.9852644801139832
99,train_pos,1,parrot,bird,0.0,0.9713929891586304
99,train_pos,1,tie,accessory,0.0,0.9726303219795227
99,train_pos,1,trowel,gardening tool,0.0,0.9625034928321838
99,train_pos,1,biplane,aircraft,0.0,0.972684919834137
99,train_pos,1,spinach,vegetable,0.0,0.9704262614250183
99,train_pos,1,sitar,string instrument,0.0,0.995830237865448
99,train_pos,1,turtle,reptile,0.0,0.9596165418624878
99,train_pos,1,power drill,power tool,0.0,0.9792079329490662
99,train_pos,1,monkey,mammal,0.0,0.980487048625946
99,train_pos,1,angle grinder,power tool,0.0,0.9733518362045288
99,train_pos,1,iguana,reptile,0.0,0.9808164238929749
99,train_pos,1,onion,vegetable,0.0,0.9616317749023438
99,train_pos,1,sander,power tool,0.0,0.9950357675552368
99,train_pos,1,mandolin,string instrument,0.0,0.9703918695449829
99,train_pos,1,beetle,insect,0.0,0.9888753890991211
99,train_pos,1,boots,footwear,0.0,0.9922732710838318
99,train_pos,1,cheese,dairy product,0.0,0.9664083123207092
99,train_pos,1,cow,mammal,0.0,0.960560142993927
99,train_pos,1,wrench,hand tool,0.0,0.9716967940330505
99,train_pos,1,shark,fish,0.0,0.9719581007957458
99,train_pos,1,euphonium,brass instrument,0.0,0.9759231805801392
99,train_pos,1,daffodil,flowering plant,0.0,0.9965898990631104
99,train_pos,1,broccoli,vegetable,0.0,0.9806220531463623
99,train_pos,1,lettuce,vegetable,0.0,0.9944249391555786
99,train_pos,1,dolphin,mammal,0.0,0.993753969669342
99,train_pos,1,cardigan,upper body clothing,0.0,0.9744927287101746
99,train_pos,1,rail vehicle,vehicle,0.0,0.9017434120178223
99,train_pos,1,recorder,woodwind,0.0,0.9773201942443848
99,train_pos,1,fir,tree,0.0,0.9784147143363953
99,train_pos,1,cake,dessert,0.0,0.9706418514251709
99,train_pos,1,brownie,dessert,0.0,0.9945559501647949
99,train_pos,1,pruning shears,gardening tool,0.0,0.9843634963035583
99,train_pos,1,submarine,watercraft,0.0,0.9944189786911011
99,train_pos,1,lawn grass,grass,0.0,0.9612777829170227
99,train_pos,1,woodwind,instrument,0.0,0.9298631548881531
99,train_pos,1,sunflower,flowering plant,0.0,0.9901331663131714
99,train_pos,1,flugelhorn,brass instrument,0.0,0.9945036172866821
99,train_pos,1,brass instrument,instrument,0.0,0.9169289469718933
99,train_pos,1,shoes,footwear,0.0,0.9643058180809021
99,train_pos,1,coach,road vehicle,0.0,0.9718368649482727
99,train_pos,1,carrot,vegetable,0.0,0.9816758036613464
99,train_pos,1,physical object,entity,0.0,0.9138573408126831
99,train_pos,1,cathedral,religious building,0.0,0.9709595441818237
99,train_pos,1,yogurt,dairy product,0.0,0.9856033325195312
99,train_pos,1,guitar,string instrument,0.0,0.9834875464439392
99,train_pos,1,scooter,road vehicle,0.0,0.975324809551239
99,train_pos,1,banana,fruit,0.0,0.9964470267295837
99,train_pos,1,sandals,footwear,0.0,0.9746701717376709
99,train_pos,1,chicken,meat,0.0,0.9716951251029968
99,train_pos,1,orchid,flowering plant,0.0,0.9479930996894836
99,train_pos,1,strawberry,fruit,0.0,0.9801519513130188
99,train_pos,1,shopping mall,commercial building,0.0,0.9777929782867432
99,train_pos,1,poppy,flowering plant,0.0,0.9885773658752441
99,train_pos,1,van,road vehicle,0.0,0.9954575300216675
99,train_pos,1,freight train,rail vehicle,0.0,0.9742681980133057
99,train_pos,1,dairy product,food,0.0,0.9404415488243103
99,train_pos,1,cactus,plant,0.0,0.897161602973938
99,train_pos,1,hoe,gardening tool,0.0,0.9799124598503113
99,train_pos,1,synthesizer,keyboard instrument,0.0,0.9589667916297913
99,train_pos,1,rake,gardening tool,0.0,0.9799598455429077
99,train_pos,1,orange,fruit,0.0,0.9964005947113037
99,train_pos,1,trombone,brass instrument,0.0,0.9945282340049744
99,train_pos,1,grass,plant,0.0,0.8886464238166809
99,train_pos,1,prickly pear,cactus,0.0,0.9852376580238342
99,train_pos,1,measuring tool,tool,0.0,0.9123557209968567
99,train_pos,1,wheatgrass,grass,0.0,0.9612524509429932
99,train_pos,1,kayak,watercraft,0.0,0.9715756177902222
99,train_pos,1,vegetable,food,0.0,0.9040233492851257
99,train_pos,1,french horn,brass instrument,0.0,0.9819872975349426
99,train_pos,1,crocodile,reptile,0.0,0.9730066061019897
99,train_pos,1,train,rail vehicle,0.0,0.9778614640235901
99,train_pos,1,penguin,bird,0.0,0.969962477684021
99,train_pos,1,accessory,clothing,0.0,0.896456778049469
99,train_pos,1,horse,mammal,0.0,0.9723138809204102
99,train_pos,1,reed,grass,0.0,0.9727076888084412
99,train_pos,1,school,educational building,0.0,0.9735924601554871
99,train_pos,1,goat,mammal,0.0,0.978997528553009
99,train_pos,1,cherry tree,tree,0.0,0.9534889459609985
99,train_pos,1,grain product,food,0.0,0.9028850197792053
99,train_pos,1,lily,flowering plant,0.0,0.9826650023460388
99,train_pos,1,religious building,building,0.0,0.8934323787689209
99,train_pos,1,lizard,reptile,0.0,0.995248019695282
99,train_pos,1,apartment building,residential building,0.0,0.9707178473472595
99,train_pos,1,house,residential building,0.0,0.9742669463157654
99,train_pos,1,timpani,percussion instrument,0.0,0.9855162501335144
99,train_pos,1,circular saw,power tool,0.0,0.9949727058410645
99,train_pos,1,university building,educational building,0.0,0.9665883779525757
99,train_pos,1,lion,mammal,0.0,0.9937432408332825
99,train_pos,1,double bass,string instrument,0.0,0.9693079590797424
99,train_pos,1,turkey,meat,0.0,0.9773762226104736
99,train_pos,1,bass clarinet,woodwind,0.0,0.9759027361869812
99,train_pos,1,tool,physical object,0.0,0.939736008644104
99,train_pos,1,ship,watercraft,0.0,0.994401752948761
99,train_neg,0,jigsaw,nail gun,0.0,0.020526882261037827
99,train_neg,0,temple,synagogue,0.0,0.021376287564635277
99,train_neg,0,double bass,banjo,0.0,0.024230848997831345
99,train_neg,0,turkey,turkey,0.0,0.020590541884303093
99,train_neg,0,crocodile,snake,0.0,0.01823747716844082
99,train_neg,0,scarf,necklace,0.0,0.019847065210342407
99,train_neg,0,supermarket,supermarket,0.0,0.015341357327997684
99,train_neg,0,hoe,hoe,0.0,0.02192067541182041
99,train_neg,0,cap,beret,0.0,0.009576601907610893
99,train_neg,0,leggings,trousers,0.0,0.015981273725628853
99,train_neg,0,kiwi,strawberry,0.0,0.025867819786071777
99,train_neg,0,jeans,leggings,0.0,0.017817970365285873
99,train_neg,0,lander,rocket,0.0,0.020223867148160934
99,train_neg,0,carp,pike,0.0,0.02203056961297989
99,train_neg,0,horse,horse,0.0,0.02002197690308094
99,train_neg,0,store,shopping mall,0.0,0.021856360137462616
99,train_neg,0,mosque,cathedral,0.0,0.014570250175893307
99,train_neg,0,tuna,catfish,0.0,0.018610389903187752
99,train_neg,0,fly,bee,0.0,0.016121787950396538
99,train_neg,0,gloves,bracelet,0.0,0.019658159464597702
99,train_neg,0,physical object,clothing,0.0,0.18386127054691315
99,train_neg,0,parrot,owl,0.0,0.020924635231494904
99,train_neg,0,warehouse,warehouse,0.0,0.014638782478868961
99,train_neg,0,space shuttle,probe,0.0,0.021473616361618042
99,train_neg,0,physical object,tool,0.0,0.1498647779226303
99,train_neg,0,marimba,triangle,0.0,0.019972076639533043
99,train_neg,0,pork,lamb,0.0,0.02027926594018936
99,train_neg,0,cow,monkey,0.0,0.022038476541638374
99,train_neg,0,pine,pine,0.0,0.01983151026070118
99,train_neg,0,sandals,shoes,0.0,0.019600698724389076
99,train_neg,0,seagull,penguin,0.0,0.021408027037978172
99,train_neg,0,catfish,trout,0.0,0.021911896765232086
99,train_neg,0,tram,monorail,0.0,0.003547870321199298
99,train_neg,0,physical object,food,0.0,0.13082721829414368
99,train_neg,0,beret,hat,0.0,0.011026500724256039
99,train_neg,0,t-shirt,shirt,0.0,0.02233731932938099
99,train_neg,0,tuba,trumpet,0.0,0.017563804984092712
99,train_neg,0,bass drum,snare drum,0.0,0.020362265408039093
99,train_neg,0,ruler,ruler,0.0,0.027637697756290436
99,train_neg,0,guitar,guitar,0.0,0.02693316526710987
99,train_neg,0,mango,peach,0.0,0.021018661558628082
99,train_neg,0,rice,noodles,0.0,0.019202612340450287
99,train_neg,0,spinach,broccoli,0.0,0.021583549678325653
99,train_neg,0,car,truck,0.0,0.0210640300065279
99,train_neg,0,lecture hall,school,0.0,0.018334083259105682
99,train_neg,0,rose,poppy,0.0,0.021589744836091995
99,train_neg,0,beanie,beret,0.0,0.007153038866817951
99,train_neg,0,lawn grass,wheatgrass,0.0,0.020000286400318146
99,train_neg,0,apartment building,cottage,0.0,0.021718386560678482
99,train_neg,0,sweater,cardigan,0.0,0.01811627857387066
99,train_neg,0,ice cream,ice cream,0.0,0.028558116406202316
99,train_neg,0,tuba,tuba,0.0,0.024629829451441765
99,train_neg,0,angle grinder,power drill,0.0,0.019218433648347855
99,train_neg,0,cornet,euphonium,0.0,0.016099128872156143
99,train_neg,0,helicopter,airliner,0.0,0.015662001445889473
99,train_neg,0,salmon,carp,0.0,0.018833059817552567
99,train_neg,0,micrometer,spirit level,0.0,0.018864823505282402
99,train_neg,0,hotel,store,0.0,0.01733316108584404
99,train_neg,0,bracken,bracken,0.0,0.015807654708623886
99,train_neg,0,mallet,utility knife,0.0,0.020495833829045296
99,train_neg,0,university building,library,0.0,0.017453080043196678
99,train_neg,0,jeans,shorts,0.0,0.0178093109279871
99,train_neg,0,bicycle,scooter,0.0,0.021041177213191986
99,train_neg,0,bungalow,bungalow,0.0,0.017852500081062317
99,train_neg,0,mosque,church,0.0,0.01581868901848793
99,train_neg,0,tiger,cat,0.0,0.020134558901190758
99,train_neg,0,strawberry,grape,0.0,0.02601637691259384
99,train_neg,0,blouse,jacket,0.0,0.0193799939006567
99,train_neg,0,cathedral,church,0.0,0.0198178943246603
99,train_neg,0,train,monorail,0.0,0.004332219250500202
99,train_neg,0,lamb,pork,0.0,0.027850497514009476
99,train_neg,0,wheatgrass,lawn grass,0.0,0.02006020024418831
99,train_neg,0,penguin,penguin,0.0,0.019691098481416702
99,train_neg,0,lawn grass,bamboo,0.0,0.013385485857725143
99,train_neg,0,warehouse,power plant,0.0,0.014185496605932713
99,train_neg,0,chicken,beef,0.0,0.020584776997566223
99,train_neg,0,mallet,mallet,0.0,0.025253351777791977
99,train_neg,0,bass clarinet,english horn,0.0,0.023812826722860336
99,train_neg,0,rake,rake,0.0,0.021942436695098877
99,train_neg,0,euphonium,euphonium,0.0,0.020092103630304337
99,train_neg,0,trowel,lawn mower,0.0,0.019872348755598068
99,train_neg,0,tie,belt,0.0,0.02296621911227703
99,train_neg,0,sneakers,slippers,0.0,0.019474022090435028
99,train_neg,0,saguaro,barrel cactus,0.0,0.015209797769784927
99,train_neg,0,synthesizer,piano,0.0,0.014928647316992283
99,train_neg,0,flute,bass clarinet,0.0,0.021185366436839104
99,train_neg,0,synthesizer,clavichord,0.0,0.022115672007203102
99,train_neg,0,physical object,plant,0.0,0.16489510238170624
99,train_neg,0,caliper,tape measure,0.0,0.01867777481675148
99,train_neg,0,lawn mower,shovel,0.0,0.022751903161406517
99,train_neg,0,rice,cereal,0.0,0.020817875862121582
99,train_neg,0,spirit level,spirit level,0.0,0.031215326860547066
99,train_neg,0,cheese,cream,0.0,0.047796208411455154
99,train_neg,0,maidenhair fern,bracken,0.0,0.021033987402915955
99,train_neg,0,saguaro,saguaro,0.0,0.039115142077207565
99,train_neg,0,wheatgrass,reed,0.0,0.012632107362151146
99,train_neg,0,sailboat,sailboat,0.0,0.02213393524289131
99,train_neg,0,cow,horse,0.0,0.015814056620001793
99,train_neg,0,pork,sausage,0.0,0.018477419391274452
99,train_neg,0,cream,yogurt,0.0,0.015393337234854698
99,train_neg,0,coach,taxi,0.0,0.02139185182750225
99,train_neg,0,cake,pie,0.0,0.02260071597993374
99,train_neg,0,screwdriver,pliers,0.0,0.022660179063677788
99,train_neg,0,helicopter,glider,0.0,0.015647491440176964
99,train_neg,0,rocket,space shuttle,0.0,0.02049141563475132
99,train_neg,0,snake,snake,0.0,0.02475058101117611
99,train_neg,0,snare drum,xylophone,0.0,0.028745485469698906
99,train_neg,0,jigsaw,power drill,0.0,0.015433904714882374
99,train_neg,0,beanie,cap,0.0,0.008263313211500645
99,train_neg,0,pear,pear,0.0,0.02986862324178219
99,train_neg,0,bicycle,minibus,0.0,0.018581140786409378
99,train_neg,0,physical object,animal,0.0,0.1369190365076065
99,train_neg,0,plum,blueberry,0.0,0.020938815549016
99,train_neg,0,pepper,tomato,0.0,0.020780470222234726
99,train_neg,0,penguin,flamingo,0.0,0.020059965550899506
99,train_neg,0,spruce,fir,0.0,0.023433538153767586
99,train_neg,0,probe,space shuttle,0.0,0.02236861363053322
99,train_neg,0,wrench,chisel,0.0,0.022991107776761055
99,train_neg,0,orchid,rose,0.0,0.0326518677175045
99,train_neg,0,cream,butter,0.0,0.016596587374806404
99,train_neg,0,monorail,train,0.0,0.04370662197470665
99,train_neg,0,turtle,turtle,0.0,0.032535698264837265
99,train_neg,0,rose,lily,0.0,0.02779253013432026
99,train_neg,0,physical object,vehicle,0.0,0.13140499591827393
99,train_neg,0,school,school,0.0,0.018231816589832306
99,train_neg,0,power plant,warehouse,0.0,0.017520569264888763
99,train_neg,0,tomato,potato,0.0,0.024587949737906456
99,train_neg,0,saxophone,recorder,0.0,0.02120870351791382
99,train_neg,0,freight train,train,0.0,0.014520185068249702
99,train_neg,0,marimba,timpani,0.0,0.01990692690014839
99,train_neg,0,shark,goldfish,0.0,0.021261556074023247
99,train_neg,0,boat,ferry,0.0,0.01982499100267887
99,train_neg,0,kayak,ferry,0.0,0.019294898957014084
99,train_neg,0,library,lecture hall,0.0,0.018980547785758972
99,train_neg,0,harp,violin,0.0,0.021124131977558136
99,train_neg,0,bracken,tree fern,0.0,0.019348889589309692
99,train_neg,0,shorts,shorts,0.0,0.015893105417490005
99,train_neg,0,cherry tree,birch,0.0,0.01746738702058792
99,train_neg,0,flute,oboe,0.0,0.01953478716313839
99,train_neg,0,fly,beetle,0.0,0.015982119366526604
99,train_neg,0,clavichord,harpsichord,0.0,0.02469143085181713
99,train_neg,0,ferry,canoe,0.0,0.021617412567138672
99,train_neg,0,daisy,poppy,0.0,0.020559273660182953
99,train_neg,0,turtle,tortoise,0.0,0.01698639988899231
99,train_neg,0,drum kit,snare drum,0.0,0.020041227340698242
99,train_neg,0,workshop,factory,0.0,0.019085193052887917
99,train_neg,0,iguana,iguana,0.0,0.023679403588175774
99,train_neg,0,shoes,slippers,0.0,0.015029076486825943
99,train_neg,0,recorder,bassoon,0.0,0.02493295632302761
99,train_neg,0,caliper,spirit level,0.0,0.013845321722328663
99,train_neg,0,saguaro,christmas cactus,0.0,0.014140590094029903
99,train_neg,0,temple,mosque,0.0,0.024857107549905777
99,train_neg,0,noodles,cereal,0.0,0.021799100562930107
99,train_neg,0,crow,eagle,0.0,0.021188857033848763
99,train_neg,0,reed,bamboo,0.0,0.018883904442191124
99,train_neg,0,cardigan,jacket,0.0,0.02019003964960575
99,train_neg,0,file,file,0.0,0.01935093104839325
99,train_neg,0,tram,tram,0.0,0.0258330125361681
99,train_neg,0,cherry tree,cherry tree,0.0,0.025842253118753433
99,train_neg,0,cake,cake,0.0,0.022995924577116966
99,train_neg,0,bracelet,bracelet,0.0,0.014212628826498985
99,train_neg,0,necklace,necklace,0.0,0.014196655713021755
99,train_neg,0,physical object,instrument,0.0,0.11560875177383423
99,train_neg,0,physical object,building,0.0,0.15486611425876617
99,train_neg,0,house,apartment building,0.0,0.018675750121474266
99,train_neg,0,biplane,airliner,0.0,0.018755055963993073
99,train_neg,0,hotel,supermarket,0.0,0.01706632599234581
99,train_neg,0,university building,lecture hall,0.0,0.016470886766910553
99,train_neg,0,accordion,piano,0.0,0.02012394368648529
99,train_neg,0,trowel,pruning shears,0.0,0.019386017695069313
99,train_neg,0,mandolin,ukulele,0.0,0.0212529506534338
99,train_neg,0,butter,cheese,0.0,0.030301790684461594
99,train_neg,0,ice cream,cake,0.0,0.016360566020011902
99,train_neg,0,slippers,shoes,0.0,0.015056856907904148
99,train_neg,0,lily,sunflower,0.0,0.030963465571403503
99,train_neg,0,airliner,airliner,0.0,0.025755012407898903
99,train_neg,0,workshop,workshop,0.0,0.020208947360515594
99,train_neg,0,trousers,leggings,0.0,0.01679055020213127
99,train_neg,0,cat,goat,0.0,0.02213721163570881
99,train_neg,0,fly,fly,0.0,0.07321421056985855
99,train_neg,0,mosquito,moth,0.0,0.017739994451403618
99,train_neg,0,canoe,sailboat,0.0,0.022056035697460175
99,train_neg,0,onion,pepper,0.0,0.018957193940877914
99,train_neg,0,cream,cheese,0.0,0.01810409501194954
99,train_neg,0,scooter,motorcycle,0.0,0.02318848855793476
99,train_neg,0,moth,moth,0.0,0.03728310018777847
99,train_neg,0,cornet,french horn,0.0,0.021204348653554916
99,train_neg,0,pudding,pudding,0.0,0.021995574235916138
99,train_neg,0,onion,carrot,0.0,0.021294953301548958
99,train_neg,0,banjo,viola,0.0,0.02536819875240326
99,train_neg,0,barrel cactus,prickly pear,0.0,0.022339731454849243
99,train_neg,0,power drill,power drill,0.0,0.025050286203622818
99,train_neg,0,glider,glider,0.0,0.025558896362781525
99,test_pos,1,workshop,building,0.0,0.7031038403511047
99,test_pos,1,train,vehicle,0.0,0.6581091284751892
99,test_pos,1,pine,physical object,0.0,0.8331171870231628
99,test_pos,1,snare drum,physical object,0.0,0.8765451312065125
99,test_pos,1,grape,physical object,0.0,0.93888920545578
99,test_pos,1,sausage,physical object,0.0,0.9446972012519836
99,test_pos,1,truck,vehicle,0.0,0.8526884317398071
99,test_pos,1,synthesizer,instrument,0.0,0.3203366994857788
99,test_pos,1,kayak,vehicle,0.0,0.7336838245391846
99,test_pos,1,cow,physical object,0.0,0.8562819361686707
99,test_pos,1,hoe,physical object,0.0,0.8504802584648132
99,test_pos,1,marimba,physical object,0.0,0.7002193927764893
99,test_pos,1,leggings,clothing,0.0,0.6511524319648743
99,test_pos,1,apple,physical object,0.0,0.9847887754440308
99,test_pos,1,hoodie,physical object,0.0,0.9831722974777222
99,test_pos,1,wrench,physical object,0.0,0.702035129070282
99,test_pos,1,pudding,food,0.0,0.752686083316803
99,test_pos,1,viola,physical object,0.0,0.9352365732192993
99,test_pos,1,shark,physical object,0.0,0.7857254147529602
99,test_pos,1,apartment building,building,0.0,0.812118649482727
99,test_pos,1,wheatgrass,plant,0.0,0.6155940890312195
99,test_pos,1,temple,building,0.0,0.7457606196403503
99,test_pos,1,helicopter,vehicle,0.0,0.5498673915863037
99,test_pos,1,sparrow,animal,0.0,0.9679701328277588
99,test_pos,1,hat,physical object,0.0,0.7647861242294312
99,test_pos,1,sitar,physical object,0.0,0.9845041036605835
99,test_pos,1,house,building,0.0,0.8393451571464539
99,test_pos,1,cornet,instrument,0.0,0.713322639465332
99,test_pos,1,recorder,instrument,0.0,0.7849688529968262
99,test_pos,1,lawn mower,tool,0.0,0.7180683612823486
99,test_pos,1,mosquito,animal,0.0,0.5006747841835022
99,test_pos,1,wasp,physical object,0.0,0.9780834317207336
99,test_pos,1,reed,plant,0.0,0.7526454329490662
99,test_pos,1,file,tool,0.0,0.6251819133758545
99,test_pos,1,bass drum,instrument,0.0,0.6354556083679199
99,test_pos,1,moth,animal,0.0,0.8119856715202332
99,test_pos,1,kiwi,food,0.0,0.5608057379722595
99,test_pos,1,workshop,physical object,0.0,0.7850576639175415
99,test_pos,1,blueberry,food,0.0,0.8986443877220154
99,test_pos,1,supermarket,building,0.0,0.8310559391975403
99,test_pos,1,willow,plant,0.0,0.9696670174598694
99,test_pos,1,synthesizer,physical object,0.0,0.5494692921638489
99,test_pos,1,cereal,physical object,0.0,0.907823920249939
99,test_pos,1,tulip,physical object,0.0,0.9778251051902771
99,test_pos,1,bracken,physical object,0.0,0.7282893061637878
99,test_pos,1,necklace,physical object,0.0,0.8163698315620422
99,test_pos,1,hand drill,tool,0.0,0.9532618522644043
99,test_pos,1,taxi,vehicle,0.0,0.852462112903595
99,test_pos,1,cardigan,clothing,0.0,0.7267746329307556
99,test_pos,1,university building,building,0.0,0.6613701581954956
99,test_pos,1,ship,vehicle,0.0,0.9709106683731079
99,test_pos,1,sweater,clothing,0.0,0.722915768623352
99,test_pos,1,shark,animal,0.0,0.6652444005012512
99,test_pos,1,apartment building,physical object,0.0,0.8624780178070068
99,test_pos,1,sneakers,physical object,0.0,0.8814048767089844
99,test_pos,1,house,physical object,0.0,0.8822686672210693
99,test_pos,1,pine,plant,0.0,0.7870012521743774
99,test_pos,1,screwdriver,tool,0.0,0.5862035751342773
99,test_pos,1,guitar,instrument,0.0,0.8362257480621338
99,test_pos,1,plum,food,0.0,0.6153629422187805
99,test_pos,1,cornet,physical object,0.0,0.8478139042854309
99,test_pos,1,recorder,physical object,0.0,0.885833740234375
99,test_pos,1,blueberry,physical object,0.0,0.9363649487495422
99,test_pos,1,lamb,food,0.0,0.7992178201675415
99,test_pos,1,brownie,food,0.0,0.967337429523468
99,test_pos,1,wasp,animal,0.0,0.9702054858207703
99,test_pos,1,trousers,physical object,0.0,0.715914249420166
99,test_pos,1,ice cream,food,0.0,0.49936601519584656
99,test_pos,1,birch,physical object,0.0,0.8857841491699219
99,test_pos,1,bass drum,physical object,0.0,0.8067899346351624
99,test_pos,1,boots,physical object,0.0,0.9740938544273376
99,test_pos,1,bus,physical object,0.0,0.9805384278297424
99,test_pos,1,watercraft,entity,0.0,0.9928693175315857
99,test_pos,1,trout,animal,0.0,0.7884190678596497
99,test_pos,1,educational building,entity,0.0,0.9915914535522461
99,test_pos,1,supermarket,physical object,0.0,0.8762255907058716
99,test_pos,1,dragonfly,physical object,0.0,0.9781678318977356
99,test_pos,1,milk,physical object,0.0,0.9850896596908569
99,test_pos,1,fern,entity,0.0,0.9904342889785767
99,test_pos,1,xylophone,instrument,0.0,0.8449923992156982
99,test_pos,1,alligator,physical object,0.0,0.9775970578193665
99,test_pos,1,jigsaw,physical object,0.0,0.6593225598335266
99,test_pos,1,high heels,physical object,0.0,0.9736596941947937
99,test_pos,1,ferry,vehicle,0.0,0.7878220081329346
99,test_pos,1,space station,physical object,0.0,0.9817013740539551
99,test_pos,1,flamingo,physical object,0.0,0.8915094137191772
99,test_pos,1,store,physical object,0.0,0.8854253888130188
99,test_pos,1,tomato,food,0.0,0.7521368861198425
99,test_pos,1,cake,physical object,0.0,0.7968648076057434
99,test_pos,1,monorail,vehicle,0.0,0.8784694075584412
99,test_pos,1,brownie,physical object,0.0,0.9775792956352234
99,test_pos,1,cap,clothing,0.0,0.5996013879776001
99,test_pos,1,mallet,tool,0.0,0.3408466875553131
99,test_pos,1,pork,food,0.0,0.7751273512840271
99,test_pos,1,bird,entity,0.0,0.9923226237297058
99,test_pos,1,fruit,entity,0.0,0.9946690201759338
99,test_pos,1,tree,entity,0.0,0.9910734295845032
99,test_pos,1,guitar,physical object,0.0,0.9117156267166138
99,test_pos,1,cedar,physical object,0.0,0.9737289547920227
99,test_pos,1,hawk,physical object,0.0,0.9766128063201904
99,test_pos,1,helmet,clothing,0.0,0.943722128868103
99,test_pos,1,pigeon,animal,0.0,0.9678984880447388
99,test_pos,1,horse,physical object,0.0,0.9031135439872742
99,test_pos,1,coach,physical object,0.0,0.7910160422325134
99,test_pos,1,pear,physical object,0.0,0.9112139344215393
99,test_pos,1,tulip,plant,0.0,0.973818838596344
99,test_pos,1,trowel,physical object,0.0,0.6836391091346741
99,test_pos,1,rice,physical object,0.0,0.8946569561958313
99,test_pos,1,shoes,physical object,0.0,0.8229721188545227
99,test_pos,1,bracken,plant,0.0,0.6537814736366272
99,test_pos,1,goat,physical object,0.0,0.9305439591407776
99,test_pos,1,motorcycle,vehicle,0.0,0.8590633869171143
99,test_pos,1,owl,physical object,0.0,0.8877004981040955
99,test_pos,1,car,vehicle,0.0,0.6519187092781067
99,test_pos,1,dog,physical object,0.0,0.9832149147987366
99,test_pos,1,beef,food,0.0,0.9060004949569702
99,test_pos,1,gecko,physical object,0.0,0.9780110120773315
99,test_pos,1,dragonfly,animal,0.0,0.9703300595283508
99,test_pos,1,road vehicle,entity,0.0,0.9931706190109253
99,test_pos,1,scooter,vehicle,0.0,0.7076196670532227
99,test_pos,1,xylophone,physical object,0.0,0.9155712127685547
99,test_pos,1,airliner,vehicle,0.0,0.7791830897331238
99,test_pos,1,tomato,physical object,0.0,0.8498088717460632
99,test_pos,1,flamingo,animal,0.0,0.8333931565284729
99,test_pos,1,bugle,instrument,0.0,0.9732971787452698
99,test_pos,1,sandals,physical object,0.0,0.8823779821395874
99,test_pos,1,jet,vehicle,0.0,0.9684422612190247
99,test_pos,1,cucumber,physical object,0.0,0.9781430959701538
99,test_pos,1,hammer,tool,0.0,0.9535639882087708
99,test_pos,1,sailboat,vehicle,0.0,0.7918315529823303
99,test_pos,1,shovel,tool,0.0,0.8476505875587463
99,test_pos,1,butter,physical object,0.0,0.875851035118103
99,test_pos,1,tram,vehicle,0.0,0.5487850904464722
99,test_pos,1,birch,plant,0.0,0.855866551399231
99,test_pos,1,clarinet,instrument,0.0,0.975635290145874
99,test_pos,1,eagle,physical object,0.0,0.8850479125976562
99,test_pos,1,van,physical object,0.0,0.9806430339813232
99,test_pos,1,beef,physical object,0.0,0.9403141140937805
99,test_pos,1,tape measure,physical object,0.0,0.864990770816803
99,test_pos,1,lion,physical object,0.0,0.9835646152496338
99,test_pos,1,tie,physical object,0.0,0.8707800507545471
99,test_pos,1,goat,animal,0.0,0.8965731263160706
99,test_pos,1,cookie,food,0.0,0.9668028354644775
99,test_pos,1,dog,animal,0.0,0.9774571061134338
99,test_pos,1,hat,clothing,0.0,0.7319329977035522
99,test_pos,1,cream,food,0.0,0.5872945785522461
99,test_pos,1,minibus,physical object,0.0,0.9127627015113831
99,test_pos,1,canoe,physical object,0.0,0.8711709380149841
99,test_pos,1,prickly pear,physical object,0.0,0.8241305351257324
99,test_pos,1,butterfly,physical object,0.0,0.9783772826194763
99,test_pos,1,power drill,physical object,0.0,0.8344184160232544
99,test_pos,1,yacht,vehicle,0.0,0.9705594182014465
99,test_pos,1,measuring tool,entity,0.0,0.9921642541885376
99,test_pos,1,space shuttle,vehicle,0.0,0.8265421986579895
99,test_pos,1,daisy,physical object,0.0,0.5980138778686523
99,test_pos,1,bugle,physical object,0.0,0.9831314086914062
99,test_pos,1,bracelet,clothing,0.0,0.7913891673088074
99,test_pos,1,nail gun,tool,0.0,0.8296072483062744
99,test_pos,1,pike,physical object,0.0,0.8644028902053833
99,test_pos,1,mango,physical object,0.0,0.767720103263855
99,test_pos,1,cedar,plant,0.0,0.9688419103622437
99,test_pos,1,angle grinder,physical object,0.0,0.7690779566764832
99,test_pos,1,lander,physical object,0.0,0.8564708828926086
99,test_pos,1,sander,physical object,0.0,0.9754124879837036
99,test_pos,1,clarinet,physical object,0.0,0.984457790851593
99,test_pos,1,necklace,clothing,0.0,0.7907774448394775
99,test_pos,1,eagle,animal,0.0,0.8229058980941772
99,test_pos,1,boat,vehicle,0.0,0.7432507872581482
99,test_pos,1,hotel,building,0.0,0.8420901894569397
99,test_pos,1,cream,physical object,0.0,0.7464080452919006
99,test_pos,1,noodles,food,0.0,0.850231945514679
99,test_pos,1,tortilla,food,0.0,0.9719573259353638
99,test_pos,1,bicycle,physical object,0.0,0.6759373545646667
99,test_pos,1,french horn,instrument,0.0,0.8664354681968689
99,test_pos,1,lion,animal,0.0,0.9779567718505859
99,test_pos,1,ruler,physical object,0.0,0.811040461063385
99,test_pos,1,barrel cactus,physical object,0.0,0.6340856552124023
99,test_pos,1,piccolo,instrument,0.0,0.975654125213623
99,test_pos,1,sneakers,clothing,0.0,0.8656061291694641
